  0   0   0   0   0   0   0   0   0   0   0   0   0   0   0   0   1   1   1   1   1   1   1   2   2   2   2   2   2   2   2   2   2   2   2   2   2   2   1   1   1   1   1   1   1   0   0   0   0   0   0   0   0   0   0   0   0   0   0   0   0
  0   0   0   0   0   0   0   0   0   0   0   0   0   0   0   1   1   1   1   1   1   2   2   2   2   3   3   3   3   3   3   3   3   3   3   3   2   2   2   2   1   1   1   1   1   1   0   0   0   0   0   0   0   0   0   0   0   0   0   0   0
  0   0   0   0   0   0   0   0   0   0   0   0   0   0   1   1   1   1   1   2   2   2   2   3   3   3   4   4   4   4   4   4   4   4   4   3   3   3   2   2   2   2   1   1   1   1   1   0   0   0   0   0   0   0   0   0   0   0   0   0   0
  0   0   0   0   0   0   0   0   0   0   0   0   0   1   1   1   1   1   2   2   2   3   3   4   4   4   5   5   5   5   5   5   5   5   5   4   4   4   3   3   2   2   2   1   1   1   1   1   0   0   0   0   0   0   0   0   0   0   0   0   0
  0   0   0   0   0   0   0   0   0   0   0   0   1   1   1   1   1   2   2   3   3   3   4   4   5   5   6   6   6   6   6   6   6   6   6   5   5   4   4   3   3   3   2   2   1   1   1   1   1   0   0   0   0   0   0   0   0   0   0   0   0
  0   0   0   0   0   0   0   0   0   0   0   0   1   1   1   1   2   2   3   3   4   4   5   5   6   7   7   7   8   8   8   8   8   7   7   7   6   5   5   4   4   3   3   2   2   1   1   1   1   0   0   0   0   0   0   0   0   0   0   0   0
  0   0   0   0   0   0   0   0   0   0   0   1   1   1   1   2   2   3   3   4   4   5   6   7   7   8   9   9   9  10  10  10   9   9   9   8   7   7   6   5   4   4   3   3   2   2   1   1   1   1   0   0   0   0   0   0   0   0   0   0   0
  0   0   0   0   0   0   0   0   0   0   1   1   1   1   2   2   3   3   4   5   5   6   7   8   9  10  10  11  11  12  12  12  11  11  10  10   9   8   7   6   5   5   4   3   3   2   2   1   1   1   1   0   0   0   0   0   0   0   0   0   0
  0   0   0   0   0   0   0   0   0   0   1   1   1   1   2   2   3   4   4   5   6   7   8   9  10  11  12  13  13  14  14  14  13  13  12  11  10   9   8   7   6   5   4   4   3   2   2   1   1   1   1   0   0   0   0   0   0   0   0   0   0
  0   0   0   0   0   0   0   0   0   1   1   1   1   2   2   3   3   4   5   6   7   8  10  11  12  13  14  15  15  16  16  16  15  15  14  13  12  11  10   8   7   6   5   4   3   3   2   2   1   1   1   1   0   0   0   0   0   0   0   0   0
  0   0   0   0   0   0   0   0   0   1   1   1   1   2   2   3   4   5   6   7   8  10  11  12  14  15  16  17  18  18  18  18  18  17  16  15  14  12  11  10   8   7   6   5   4   3   2   2   1   1   1   1   0   0   0   0   0   0   0   0   0
  0   0   0   0   0   0   0   0   0   1   1   1   2   2   3   4   4   5   7   8   9  11  12  14  15  17  18  19  20  20  20  20  20  19  18  17  15  14  12  11   9   8   7   5   4   4   3   2   2   1   1   1   0   0   0   0   0   0   0   0   0
  0   0   0   0   0   0   0   0   1   1   1   1   2   2   3   4   5   6   7   9  10  12  14  15  17  19  20  21  22  22  23  22  22  21  20  19  17  15  14  12  10   9   7   6   5   4   3   2   2   1   1   1   1   0   0   0   0   0   0   0   0
  0   0   0   0   0   0   0   0   1   1   1   1   2   3   3   4   5   7   8  10  11  13  15  17  19  20  22  23  24  24  25  24  24  23  22  20  19  17  15  13  11  10   8   7   5   4   3   3   2   1   1   1   1   0   0   0   0   0   0   0   0
  0   0   0   0   0   0   0   0   1   1   1   2   2   3   4   5   6   7   9  10  12  14  16  18  20  22  23  25  26  26  26  26  26  25  23  22  20  18  16  14  12  10   9   7   6   5   4   3   2   2   1   1   1   0   0   0   0   0   0   0   0
  0   0   0   0   0   0   0   0   1   1   1   2   2   3   4   5   6   7   9  11  13  15  17  19  21  23  25  26  27  28  28  28  27  26  25  23  21  19  17  15  13  11   9   7   6   5   4   3   2   2   1   1   1   0   0   0   0   0   0   0   0
  0   0   0   0   0   0   0   0   1   1   1   2   2   3   4   5   6   8   9  11  13  15  18  20  22  24  26  27  28  29  29  29  28  27  26  24  22  20  18  15  13  11   9   8   6   5   4   3   2   2   1   1   1   0   0   0   0   0   0   0   0
  0   0   0   0   0   0   0   0   1   1   1   2   2   3   4   5   6   8  10  12  14  16  18  20  22  24  26  28  29  30  30  30  29  28  26  24  22  20  18  16  14  12  10   8   6   5   4   3   2   2   1   1   1   0   0   0   0   0   0   0   0
  0   0   0   0   0   0   0   0   1   1   1   2   2   3   4   5   6   8  10  12  14  16  18  20  23  25  26  28  29  30  30  30  29  28  26  25  23  20  18  16  14  12  10   8   6   5   4   3   2   2   1   1   1   0   0   0   0   0   0   0   0
  0   0   0   0   0   0   0   0   1   1   1   2   2   3   4   5   6   8  10  12  14  16  18  20  22  24  26  28  29  30  30  30  29  28  26  24  22  20  18  16  14  12  10   8   6   5   4   3   2   2   1   1   1   0   0   0   0   0   0   0   0
  0   0   0   0   0   0   0   0   1   1   1   2   2   3   4   5   6   8   9  11  13  15  18  20  22  24  26  27  28  29  29  29  28  27  26  24  22  20  18  15  13  11   9   8   6   5   4   3   2   2   1   1   1   0   0   0   0   0   0   0   0
  0   0   0   0   0   0   0   1   1   1   1   2   3   3   4   5   7   9  10  12  15  17  19  22  24  26  28  30  31  32  32  32  31  30  28  26  24  22  19  17  15  12  10   9   7   5   4   3   3   2   1   1   1   1   0   0   0   0   0   0   0
  0   0   0   0   0   0   0   1   1   1   2   2   3   4   5   6   8  10  12  14  17  19  22  25  27  30  32  34  35  36  36  36  35  34  32  30  27  25  22  19  17  14  12  10   8   6   5   4   3   2   2   1   1   1   0   0   0   0   0   0   0
  0   0   0   0   0   0   0   1   1   1   2   2   3   4   6   7   9  11  13  16  19  22  25  28  31  34  36  38  40  41  41  41  40  38  36  34  31  28  25  22  19  16  13  11   9   7   6   4   3   2   2   1   1   1   0   0   0   0   0   0   0
  0   0   0   0   0   0   1   1   1   1   2   3   4   5   6   8  10  12  15  18  21  24  27  31  34  37  40  42  44  45  45  45  44  42  40  37  34  31  27  24  21  18  15  12  10   8   6   5   4   3   2   1   1   1   1   0   0   0   0   0   0
  0   0   0   0   0   0   1   1   1   2   2   3   4   5   7   9  11  13  16  19  23  26  30  34  37  41  44  46  48  49  49  49  48  46  44  41  37  34  30  26  23  19  16  13  11   9   7   5   4   3   2   2   1   1   1   0   0   0   0   0   0
  0   0   0   0   0   0   1   1   1   2   2   3   4   6   7   9  11  14  17  21  24  28  32  36  40  44  47  49  51  53  53  53  51  49  47  44  40  36  32  28  24  21  17  14  11   9   7   6   4   3   2   2   1   1   1   0   0   0   0   0   0
  0   0   0   0   0   0   1   1   1   2   2   3   4   6   8  10  12  15  18  22  26  30  34  38  42  46  49  52  54  55  56  55  54  52  49  46  42  38  34  30  26  22  18  15  12  10   8   6   4   3   2   2   1   1   1   0   0   0   0   0   0
  0   0   0   0   0   0   1   1   1   2   3   3   5   6   8  10  13  16  19  23  27  31  35  40  44  48  51  54  56  58  58  58  56  54  51  48  44  40  35  31  27  23  19  16  13  10   8   6   5   3   3   2   1   1   1   0   0   0   0   0   0
  0   0   0   0   0   0   1   1   1   2   3   4   5   6   8  10  13  16  19  23  27  32  36  41  45  49  53  55  58  59  60  59  58  55  53  49  45  41  36  32  27  23  19  16  13  10   8   6   5   4   3   2   1   1   1   0   0   0   0   0   0
  0   0   0   0   0   0   1   1   1   2   3   4   5   6   8  10  13  16  19  23  27  32  36  41  45  49  53  56  58  60  60  60  58  56  53  49  45  41  36  32  27  23  19  16  13  10   8   6   5   4   3   2   1   1   1   0   0   0   0   0   0
  0   0   0   0   0   0   1   1   1   2   3   4   5   6   8  10  13  16  19  23  27  32  36  41  45  49  53  55  58  59  60  59  58  55  53  49  45  41  36  32  27  23  19  16  13  10   8   6   5   4   3   2   1   1   1   0   0   0   0   0   0
  0   0   0   0   0   0   1   1   1   2   3   3   5   6   8  10  13  16  19  23  27  31  35  40  44  48  51  54  56  58  58  58  56  54  51  48  44  40  35  31  27  23  19  16  13  10   8   6   5   3   3   2   1   1   1   0   0   0   0   0   0
  0   0   0   0   0   0   1   1   1   2   2   3   4   6   8  10  12  15  18  22  26  30  34  38  42  46  49  52  54  55  56  55  54  52  49  46  42  38  34  30  26  22  18  15  12  10   8   6   4   3   2   2   1   1   1   0   0   0   0   0   0
  0   0   0   0   0   0   1   1   1   2   2   3   4   6   7   9  11  14  17  21  24  28  32  36  40  44  47  49  51  53  53  53  51  49  47  44  40  36  32  28  24  21  17  14  11   9   7   6   4   3   2   2   1   1   1   0   0   0   0   0   0
  0   0   0   0   0   0   1   1   1   2   2   3   4   5   7   9  11  13  16  19  23  26  30  34  37  41  44  46  48  49  49  49  48  46  44  41  37  34  30  26  23  19  16  13  11   9   7   5   4   3   2   2   1   1   1   0   0   0   0   0   0
  0   0   0   0   0   0   1   1   1   1   2   3   4   5   6   8  10  12  15  18  21  24  27  31  34  37  40  42  44  45  45  45  44  42  40  37  34  31  27  24  21  18  15  12  10   8   6   5   4   3   2   1   1   1   1   0   0   0   0   0   0
  0   0   0   0   0   0   0   1   1   1   2   2   3   4   6   7   9  11  13  16  19  22  25  28  31  34  36  38  40  41  41  41  40  38  36  34  31  28  25  22  19  16  13  11   9   7   6   4   3   2   2   1   1   1   0   0   0   0   0   0   0
  0   0   0   0   0   0   0   1   1   1   2   2   3   4   5   6   8  10  12  14  17  19  22  25  27  30  32  34  35  36  36  36  35  34  32  30  27  25  22  19  17  14  12  10   8   6   5   4   3   2   2   1   1   1   0   0   0   0   0   0   0
  0   0   0   0   0   0   0   1   1   1   1   2   3   3   4   5   7   9  10  12  15  17  19  22  24  26  28  30  31  32  32  32  31  30  28  26  24  22  19  17  15  12  10   9   7   5   4   3   3   2   1   1   1   1   0   0   0   0   0   0   0
  0   0   0   0   0   0   0   0   1   1   1   2   2   3   4   5   6   8   9  11  13  15  18  20  22  24  26  27  28  29  29  29  28  27  26  24  22  20  18  15  13  11   9   8   6   5   4   3   2   2   1   1   1   0   0   0   0   0   0   0   0
  0   0   0   0   0   0   0   0   1   1   1   2   2   3   4   5   6   8  10  12  14  16  18  20  22  24  26  28  29  30  30  30  29  28  26  24  22  20  18  16  14  12  10   8   6   5   4   3   2   2   1   1   1   0   0   0   0   0   0   0   0
  0   0   0   0   0   0   0   0   1   1   1   2   2   3   4   5   6   8  10  12  14  16  18  20  23  25  26  28  29  30  30  30  29  28  26  25  23  20  18  16  14  12  10   8   6   5   4   3   2   2   1   1   1   0   0   0   0   0   0   0   0
  0   0   0   0   0   0   0   0   1   1   1   2   2   3   4   5   6   8  10  12  14  16  18  20  22  24  26  28  29  30  30  30  29  28  26  24  22  20  18  16  14  12  10   8   6   5   4   3   2   2   1   1   1   0   0   0   0   0   0   0   0
  0   0   0   0   0   0   0   0   1   1   1   2   2   3   4   5   6   8   9  11  13  15  18  20  22  24  26  27  28  29  29  29  28  27  26  24  22  20  18  15  13  11   9   8   6   5   4   3   2   2   1   1   1   0   0   0   0   0   0   0   0
  0   0   0   0   0   0   0   0   1   1   1   2   2   3   4   5   6   7   9  11  13  15  17  19  21  23  25  26  27  28  28  28  27  26  25  23  21  19  17  15  13  11   9   7   6   5   4   3   2   2   1   1   1   0   0   0   0   0   0   0   0
  0   0   0   0   0   0   0   0   1   1   1   2   2   3   4   5   6   7   9  10  12  14  16  18  20  22  23  25  26  26  26  26  26  25  23  22  20  18  16  14  12  10   9   7   6   5   4   3   2   2   1   1   1   0   0   0   0   0   0   0   0
  0   0   0   0   0   0   0   0   1   1   1   1   2   3   3   4   5   7   8  10  11  13  15  17  19  20  22  23  24  24  25  24  24  23  22  20  19  17  15  13  11  10   8   7   5   4   3   3   2   1   1   1   1   0   0   0   0   0   0   0   0
  0   0   0   0   0   0   0   0   1   1   1   1   2   2   3   4   5   6   7   9  10  12  14  15  17  19  20  21  22  22  23  22  22  21  20  19  17  15  14  12  10   9   7   6   5   4   3   2   2   1   1   1   1   0   0   0   0   0   0   0   0
  0   0   0   0   0   0   0   0   0   1   1   1   2   2   3   4   4   5   7   8   9  11  12  14  15  17  18  19  20  20  20  20  20  19  18  17  15  14  12  11   9   8   7   5   4   4   3   2   2   1   1   1   0   0   0   0   0   0   0   0   0
  0   0   0   0   0   0   0   0   0   1   1   1   1   2   2   3   4   5   6   7   8  10  11  12  14  15  16  17  18  18  18  18  18  17  16  15  14  12  11  10   8   7   6   5   4   3   2   2   1   1   1   1   0   0   0   0   0   0   0   0   0
  0   0   0   0   0   0   0   0   0   1   1   1   1   2   2   3   3   4   5   6   7   8  10  11  12  13  14  15  15  16  16  16  15  15  14  13  12  11  10   8   7   6   5   4   3   3   2   2   1   1   1   1   0   0   0   0   0   0   0   0   0
  0   0   0   0   0   0   0   0   0   0   1   1   1   1   2   2   3   4   4   5   6   7   8   9  10  11  12  13  13  14  14  14  13  13  12  11  10   9   8   7   6   5   4   4   3   2   2   1   1   1   1   0   0   0   0   0   0   0   0   0   0
  0   0   0   0   0   0   0   0   0   0   1   1   1   1   2   2   3   3   4   5   5   6   7   8   9  10  10  11  11  12  12  12  11  11  10  10   9   8   7   6   5   5   4   3   3   2   2   1   1   1   1   0   0   0   0   0   0   0   0   0   0
  0   0   0   0   0   0   0   0   0   0   0   1   1   1   1   2   2   3   3   4   4   5   6   7   7   8   9   9   9  10  10  10   9   9   9   8   7   7   6   5   4   4   3   3   2   2   1   1   1   1   0   0   0   0   0   0   0   0   0   0   0
  0   0   0   0   0   0   0   0   0   0   0   0   1   1   1   1   2   2   3   3   4   4   5   5   6   7   7   7   8   8   8   8   8   7   7   7   6   5   5   4   4   3   3   2   2   1   1   1   1   0   0   0   0   0   0   0   0   0   0   0   0
  0   0   0   0   0   0   0   0   0   0   0   0   1   1   1   1   1   2   2   3   3   3   4   4   5   5   6   6   6   6   6   6   6   6   6   5   5   4   4   3   3   3   2   2   1   1   1   1   1   0   0   0   0   0   0   0   0   0   0   0   0
  0   0   0   0   0   0   0   0   0   0   0   0   0   1   1   1   1   1   2   2   2   3   3   4   4   4   5   5   5   5   5   5   5   5   5   4   4   4   3   3   2   2   2   1   1   1   1   1   0   0   0   0   0   0   0   0   0   0   0   0   0
  0   0   0   0   0   0   0   0   0   0   0   0   0   0   1   1   1   1   1   2   2   2   2   3   3   3   4   4   4   4   4   4   4   4   4   3   3   3   2   2   2   2   1   1   1   1   1   0   0   0   0   0   0   0   0   0   0   0   0   0   0
  0   0   0   0   0   0   0   0   0   0   0   0   0   0   0   1   1   1   1   1   1   2   2   2   2   3   3   3   3   3   3   3   3   3   3   3   2   2   2   2   1   1   1   1   1   1   0   0   0   0   0   0   0   0   0   0   0   0   0   0   0
  0   0   0   0   0   0   0   0   0   0   0   0   0   0   0   0   1   1   1   1   1   1   1   2   2   2   2   2   2   2   2   2   2   2   2   2   2   2   1   1   1   1   1   1   1   0   0   0   0   0   0   0   0   0   0   0   0   0   0   0   0
